 201005011025  164.70 169 169 noaa17 46.71 53.34 143.25 2.00 20100501110000 11500    2.30  275.40    0.00
 201005011025  225.17 147 169 noaa17 47.37 49.39 143.45 1.93 20100501110000 23500    3.80  553.10   17.00
 201005011025  268.35  47 169 noaa17 44.81 54.79 145.33 1.98 20100501110000 38140   11.90  767.00   60.00
 201005011025  617.71 169 169 noaa17 45.80 48.56 145.04 1.44 20100501110000 44300    6.90  712.00   56.00
 201005011025  523.60 169 169 noaa17 48.22 40.84 143.93 1.59 20100501110000 56420    6.10  309.50   17.00
 201005011025  374.28 158 169 noaa17 49.40 46.23 141.75 1.78 20100501110000 69150    4.10  330.50   21.00
 201005011046  254.16 169 169 noaa18 46.14 52.47 117.71 2.00 20100501110000 11500    2.30  275.40    0.00
 201005011046  441.00 169 169 noaa18 46.71 54.18 117.03 1.80 20100501110000 23500    3.80  553.10   17.00
 201005011046  759.86 166 169 noaa18 44.03 60.87 114.97 1.02 20100501110000 38140   11.90  767.00   60.00
 201005011046  729.11 169 169 noaa18 44.86 63.41 115.01 1.07 20100501110000 44300    6.90  712.00   56.00
 201005011046  572.01 164 169 noaa18 47.35 59.11 114.46 1.56 20100501110000 56420    6.10  309.50   17.00
 201005011046  109.70 114 169 noaa18 48.90 45.04 116.98 2.00 20100501110000 69150    4.10  330.50   21.00
 201005011226  410.18 169 169 noaa18 47.72 25.28 50.38 1.92 20100501130000 11500    5.40  450.50   37.00
 201005011226  441.89 165 169 noaa18 47.77 19.86 52.23 1.68 20100501130000 23500    5.20  477.50   28.00
 201005011226  744.26 168 169 noaa18 45.06 11.41 49.80 1.01 20100501130000 38140   13.10  763.00   60.00
 201005011226  720.08 169 169 noaa18 44.98 0.75 61.82 1.09 20100501130000 44300    7.10  763.00   60.00
 201005011226  672.85 169 169 noaa18 47.29 5.22 54.01 1.18 20100501130000 56420    6.60  444.50   37.00
 201005011226  188.02 144 169 noaa18 50.28 30.15 53.01 2.00 20100501130000 69150    4.30  391.10   25.00
 201005011250  290.56 154 169 noaa15 49.09 65.96 167.04 1.97 20100501130000 11500    5.40  450.50   37.00
 201005011250  191.40  95 169 noaa15 49.01 66.74 168.24 1.99 20100501130000 23500    5.20  477.50   28.00
 201005011250  273.70 165 169 noaa15 51.48 60.30 166.85 1.95 20100501130000 69150    4.30  391.10   25.00
